color
255 0 0
torus
0 0 0 30 50
ident
rotate
x 40
move
370 200 0
apply
color
122 210 73
bezier
356 489 356 486 361 485 360 489
bezier
368 490 372 490 373 485 369 485
bezier
368 489 368 487 369 486 369 485
bezier
365 480 373 479 379 476 370 471
bezier
353 465 363 461 374 460 385 470
bezier
385 452 396 452 405 453 417 453
bezier
400 450 401 439 399 428 386 438
bezier
415 426 419 443 423 452 438 422
bezier
418 437 423 437 426 437 430 436
bezier
436 455 443 448 451 440 465 456
bezier
451 439 451 433 451 429 451 422
bezier
143 499 134 496 123 491 116 484
bezier
116 484 111 476 109 473 103 472
bezier
103 472 96 469 91 465 88 461
bezier
88 461 85 458 80 451 77 446
bezier
77 446 72 439 69 430 67 423
bezier
67 423 64 415 61 407 59 397
bezier
59 397 56 390 53 380 52 371
bezier
52 371 49 356 48 348 42 343
bezier
42 343 32 337 27 330 24 314
bezier
24 314 24 301 21 294 14 288
bezier
14 288 11 279 9 270 11 257
bezier
11 257 14 255 15 264 16 270
bezier
16 270 20 274 23 279 23 277
bezier
23 277 21 271 21 264 22 260
bezier
22 260 24 255 28 252 29 250
bezier
29 250 29 260 31 266 36 270
bezier
36 270 41 272 44 276 47 280
bezier
47 280 50 283 52 287 55 291
bezier
47 277 44 271 43 263 43 255
bezier
43 255 47 247 53 243 56 248
bezier
56 248 61 255 64 258 64 253
bezier
64 253 64 246 65 238 67 237
bezier
67 237 71 237 76 241 81 245
bezier
81 245 86 249 89 254 88 246
bezier
88 246 88 239 89 237 91 231
bezier
91 231 98 224 100 221 100 229
bezier
100 229 101 238 101 234 102 231
bezier
102 231 104 227 106 224 108 221
bezier
108 221 111 220 115 218 118 213
bezier
118 213 121 207 124 214 124 218
bezier
124 218 121 226 121 232 120 238
bezier
120 238 120 243 122 249 125 255
bezier
125 255 125 264 125 269 124 272
bezier
89 254 90 260 92 265 93 271
bezier
93 271 94 280 95 288 95 295
bezier
95 295 94 302 94 302 94 302
bezier
49 347 55 349 59 354 63 359
bezier
63 359 67 367 70 372 70 377
bezier
70 377 71 381 71 381 71 381
bezier
126 214 129 209 132 205 134 209
bezier
134 209 138 209 141 208 144 208
bezier
144 208 150 207 155 204 163 200
bezier
163 200 173 200 168 207 167 215
bezier
167 215 167 225 168 234 167 243
bezier
167 243 165 249 162 253 160 257
bezier
117 276 117 280 117 284 115 288
bezier
115 288 113 290 111 292 109 297
bezier
109 297 106 301 102 307 99 313
bezier
99 313 96 318 94 326 93 335
bezier
93 335 94 341 96 348 98 356
bezier
98 356 100 362 103 369 106 375
bezier
106 375 109 381 111 387 113 393
bezier
113 393 115 398 116 402 116 403
bezier
130 417 128 414 126 409 124 403
bezier
124 403 123 398 122 392 122 385
bezier
122 385 122 378 123 371 124 366
bezier
124 366 125 362 127 358 129 355
bezier
150 241 151 237 152 233 153 229
bezier
153 229 153 225 153 220 154 215
bezier
170 213 172 209 174 206 179 199
bezier
179 199 178 203 178 206 181 205
bezier
181 205 184 204 189 200 191 198
bezier
191 198 193 204 191 208 187 215
bezier
187 215 185 220 189 225 190 231
bezier
190 231 193 239 192 247 192 256
bezier
192 256 190 262 183 268 178 270
bezier
178 270 175 274 183 274 190 269
bezier
190 269 192 264 192 257 192 250
bezier
192 250 193 239 197 242 200 246
bezier
200 246 202 251 206 259 206 267
bezier
206 267 206 276 203 284 194 290
bezier
194 290 188 295 180 300 172 304
bezier
172 304 170 309 163 315 152 325
bezier
152 325 149 334 149 341 149 352
bezier
149 352 151 357 155 355 159 351
bezier
159 351 161 359 164 359 167 359
bezier
167 359 172 361 177 366 182 367
bezier
182 367 185 367 180 375 177 383
bezier
177 383 178 388 179 396 183 403
bezier
183 403 190 407 193 408 190 405
bezier
190 405 187 401 186 393 186 387
bezier
186 387 186 383 188 376 190 370
bezier
190 370 192 367 198 371 205 372
bezier
205 372 211 373 213 373 211 382
bezier
211 382 211 384 211 390 211 400
bezier
211 400 212 407 212 395 212 388
bezier
212 388 217 380 220 373 225 376
bezier
225 376 231 375 236 376 240 376
bezier
240 376 244 378 241 385 240 389
bezier
240 389 240 392 239 401 239 408
bezier
239 408 244 421 249 428 251 432
bezier
251 432 252 440 252 444 252 449
bezier
252 449 252 452 252 454 252 454
bezier
194 409 198 414 200 417 203 421
bezier
203 421 207 429 208 439 209 447
bezier
209 447 209 455 209 457 209 461
bezier
251 430 249 424 248 417 251 410
bezier
251 410 255 402 258 396 261 386
bezier
261 386 260 377 263 374 268 374
bezier
268 374 270 378 274 381 277 377
bezier
277 377 281 381 284 390 283 399
bezier
283 399 283 401 284 398 284 391
bezier
284 391 284 380 284 376 288 376
bezier
288 376 290 376 292 376 296 378
bezier
296 378 301 373 305 376 315 382
bezier
315 382 320 390 324 403 323 415
bezier
323 415 320 425 316 434 307 443
bezier
307 443 305 451 304 463 299 479
bezier
299 479 291 488 283 489 275 490
bezier
275 490 268 491 263 493 254 493
bezier
254 493 249 493 247 493 240 497
bezier
240 497 237 498 242 495 246 492
bezier
246 492 251 487 252 486 252 486
bezier
146 336 146 342 144 349 144 355
bezier
144 355 140 360 136 367 135 373
bezier
135 373 135 379 135 383 138 390
bezier
138 390 140 397 146 403 154 411
bezier
154 411 161 416 164 419 168 428
bezier
168 428 172 439 178 450 186 460
bezier
186 460 194 470 205 480 215 484
bezier
215 484 225 491 236 494 227 497
bezier
227 497 214 497 196 489 186 480
bezier
186 480 175 463 167 445 161 426
bezier
161 426 161 417 161 415 161 415
bezier
29 265 32 280 39 291 48 300
bezier
48 300 54 305 59 315 63 326
bezier
63 326 63 317 62 303 56 291
bezier
93 304 89 307 85 313 82 315
bezier
82 315 78 318 79 315 83 305
bezier
83 305 84 295 84 291 84 279
bezier
84 279 81 266 76 257 73 250
bezier
73 250 71 246 69 243 68 238
bezier
151 359 151 369 147 384 154 400
bezier
154 400 157 401 156 389 158 379
bezier
158 379 163 371 168 363 170 360
bezier
308 454 315 446 323 436 328 416
bezier
328 416 328 402 328 394 325 402
bezier
277 500 285 497 293 494 296 491
bezier
293 487 300 488 306 488 314 483
bezier
314 483 324 470 331 454 333 444
bezier
333 444 347 435 358 424 362 404
bezier
362 404 359 389 356 385 354 379
bezier
359 387 359 379 356 369 350 356
bezier
350 356 348 353 345 357 341 355
bezier
341 355 337 360 333 359 329 359
bezier
329 359 330 366 333 370 334 372
bezier
334 372 335 374 337 377 340 381
bezier
340 381 340 373 339 367 337 360
bezier
328 391 326 382 321 374 319 371
bezier
319 371 324 371 327 369 330 366
bezier
164 374 170 379 183 386 199 393
bezier
199 393 214 400 227 402 237 400
bezier
237 400 243 398 235 398 223 396
bezier
223 396 212 394 203 392 193 388
bezier
193 388 187 385 178 381 165 374
bezier
293 390 295 393 303 396 315 394
bezier
315 394 324 390 326 386 321 388
bezier
321 388 313 390 305 390 299 390
bezier
299 390 296 390 294 390 293 389
bezier
315 397 314 394 314 390 311 381
bezier
341 388 341 386 340 383 340 381
bezier
195 363 200 365 209 368 223 369
bezier
223 369 234 372 230 371 226 371
bezier
226 371 231 368 233 366 234 363
bezier
285 368 290 368 303 367 313 363
bezier
292 367 291 365 289 364 288 363
bezier
165 342 169 345 179 349 189 355
bezier
189 355 201 361 212 361 224 361
bezier
224 361 232 360 234 359 234 359
bezier
169 344 170 340 172 335 176 330
bezier
176 330 179 326 177 333 176 338
bezier
176 338 176 341 181 344 188 347
bezier
188 347 190 346 193 346 191 349
bezier
191 349 194 349 196 348 198 347
bezier
198 347 195 353 200 353 203 352
bezier
203 352 207 350 204 354 206 354
bezier
206 354 207 353 211 353 215 351
bezier
215 351 221 348 224 348 220 352
bezier
220 352 218 356 223 352 228 349
bezier
228 349 232 349 234 349 230 353
bezier
230 353 228 355 227 357 224 360
bezier
286 354 293 355 305 355 317 356
bezier
317 356 319 354 315 354 318 350
bezier
318 350 321 348 317 348 320 344
bezier
320 344 323 339 319 339 315 338
bezier
315 338 314 332 311 329 313 339
bezier
313 339 314 344 312 348 312 344
bezier
312 344 307 347 302 351 300 351
bezier
300 351 300 349 302 346 295 349
bezier
295 349 295 345 291 350 286 347
bezier
286 347 285 347 288 351 292 354
bezier
175 339 184 324 192 312 205 301
bezier
205 301 216 301 222 309 225 319
bezier
225 319 227 329 226 339 224 348
bezier
291 348 285 340 285 332 285 321
bezier
285 321 291 310 300 303 306 308
bezier
306 308 309 321 311 329 312 331
bezier
276 279 265 273 252 251 249 232
bezier
249 232 254 223 263 223 269 224
bezier
269 224 277 237 281 253 283 271
bezier
283 271 281 275 280 278 277 279
bezier
258 255 266 249 269 245 276 237
bezier
251 240 260 242 271 241 275 239
bezier
266 270 272 269 276 269 281 269
bezier
340 354 337 346 336 337 336 325
bezier
336 325 340 313 347 304 355 295
bezier
355 295 357 280 356 267 352 254
bezier
352 254 347 243 342 238 332 242
bezier
332 242 328 246 321 244 315 245
bezier
315 245 320 262 321 276 321 295
bezier
321 295 321 318 324 345 328 359
bezier
190 220 199 216 208 211 225 205
bezier
225 205 242 199 256 197 265 197
bezier
265 197 280 203 292 213 301 227
bezier
301 227 308 236 315 244 316 246
#safe
bezier
191 318 191 332 193 342 201 351
bezier
201 351 213 352 221 347 224 341
bezier
224 341 225 331 224 316 219 306
bezier
219 306 208 304 199 308 194 313
bezier
194 313 192 317 192 317 192 317
bezier
294 346 289 342 288 336 288 327
bezier
288 327 290 316 292 310 296 307
bezier
296 307 305 307 306 319 307 333
bezier
307 333 305 341 302 346 298 347
bezier
298 347 294 345 291 343 289 338
bezier
193 302 196 298 199 291 200 295
bezier
200 295 202 298 204 296 206 292
bezier
208 297 209 296 210 294 211 292
bezier
213 298 213 297 215 294 216 293
bezier
282 316 282 312 286 311 289 308
bezier
289 308 290 303 290 300 289 295
bezier
304 296 304 298 307 301 309 298
bezier
309 298 309 297 311 298 312 297
#idk
bezier
328 272 328 264 327 257 327 253
bezier
327 253 327 251 327 248 327 245
bezier
333 279 333 271 331 269 329 267
bezier
356 285 355 283 354 281 352 279
bezier
168 199 168 192 168 183 167 176
bezier
167 176 169 170 174 167 187 158
bezier
187 158 195 151 204 142 211 135
bezier
211 135 220 127 230 124 240 119
bezier
240 119 248 116 252 126 252 134
bezier
252 134 248 148 245 155 243 162
bezier
237 199 235 192 231 177 231 165
bezier
231 165 231 155 231 151 232 148
bezier
233 157 235 156 240 154 245 152
bezier
236 174 244 167 250 160 256 148
bezier
256 148 262 139 267 130 274 116
bezier
274 116 278 107 281 97 275 90
bezier
275 90 268 99 257 109 253 111
bezier
253 111 251 112 249 114 248 115
bezier
164 176 165 173 167 171 169 170
bezier
168 183 163 182 158 179 154 174
bezier
154 174 151 171 143 168 134 164
bezier
134 164 127 158 130 155 136 150
bezier
136 150 144 141 158 125 171 110
bezier
171 110 183 96 203 78 219 70
bezier
219 70 228 75 233 88 240 101
bezier
240 101 244 108 245 112 247 115
bezier
127 157 115 157 105 154 91 148
bezier
91 148 84 143 74 131 67 113
bezier
67 113 64 91 66 68 69 48
bezier
69 48 75 28 79 13 83 2
bezier
83 2 85 3 87 18 89 34
bezier
89 34 88 51 88 59 87 61
bezier
74 32 75 39 77 46 80 55
bezier
87 70 88 67 88 65 88 61
bezier
89 144 97 144 105 142 118 131
bezier
118 131 136 105 150 84 167 64
bezier
167 64 187 50 196 37 196 22
bezier
196 22 195 24 192 29 195 21
bezier
195 21 199 10 201 1 184 1
bezier
184 1 170 10 152 20 137 23
bezier
137 23 130 24 120 21 115 18
bezier
115 18 116 14 120 8 124 5
bezier
124 5 126 5 128 3 129 1
bezier
168 93 170 88 173 77 178 57
bezier
201 1 206 6 217 18 226 28
bezier
226 28 236 44 250 58 264 72
bezier
264 72 274 85 285 100 291 109
bezier
291 109 292 114 291 124 288 138
bezier
288 138 284 156 284 178 282 198
bezier
282 198 283 205 290 210 294 214
bezier
294 214 301 226 308 236 312 238
bezier
312 238 316 236 320 235 327 234
bezier
327 234 332 235 335 235 339 234
bezier
339 234 347 233 351 229 355 226
bezier
355 226 360 219 365 214 371 210
bezier
371 210 376 208 383 204 381 199
bezier
381 199 379 196 382 191 386 188
bezier
386 188 389 186 391 185 394 183
bezier
394 183 396 177 392 176 380 178
bezier
380 178 373 182 368 182 357 182
bezier
357 182 351 182 345 174 336 169
bezier
336 169 330 165 333 158 335 147
bezier
335 147 338 134 342 115 340 99
bezier
340 99 333 80 322 66 318 54
bezier
318 54 311 40 303 26 296 13
bezier
296 13 290 1 290 0 290 0
bezier
235 92 236 91 238 90 238 88
bezier
238 88 239 84 239 81 241 74
bezier
241 74 240 69 240 64 241 61
bezier
241 61 241 57 241 51 242 50
bezier
242 105 244 99 245 86 246 70
bezier
246 70 247 59 257 70 266 80
bezier
266 80 269 85 269 95 261 105
bezier
261 105 257 107 248 106 242 105
bezier
255 91 254 87 255 82 257 78
bezier
257 78 260 81 261 86 260 91
bezier
260 91 258 91 257 91 256 91
bezier
323 63 327 52 328 30 331 8
bezier
331 8 331 1 332 4 336 0
bezier
336 0 365 1 359 14 348 30
bezier
348 30 342 46 333 65 331 72
bezier
377 196 369 196 361 197 353 198
bezier
353 198 340 195 331 191 322 188
bezier
322 188 326 190 332 193 342 203
bezier
342 203 351 208 356 204 363 200
bezier
363 200 373 198 380 198 381 198
bezier
351 226 341 224 336 221 323 214
bezier
323 214 318 209 312 206 303 206
bezier
343 226 340 232 336 235 332 236
bezier
332 236 328 232 322 230 313 223
bezier
313 223 302 213 298 210 298 209
bezier
417 1 421 22 418 30 410 21
bezier
410 21 401 8 401 1 410 1
bezier
410 1 415 1 415 1 415 1
bezier
422 15 425 4 423 0 418 0
bezier
425 3 426 1 500 1 498 9
bezier
498 9 490 21 481 37 471 58
bezier
471 58 458 90 451 101 444 117
bezier
444 117 441 129 438 142 447 153
bezier
447 153 453 168 458 184 453 199
bezier
453 199 443 218 438 222 429 224
bezier
429 224 420 224 414 218 403 210
bezier
403 210 398 205 401 200 408 200
bezier
408 200 420 203 427 207 434 201
bezier
434 201 439 201 444 201 441 206
bezier
441 206 436 212 431 211 427 207
bezier
439 200 432 197 425 195 415 192
bezier
415 192 407 190 407 184 414 177
bezier
414 177 425 179 439 183 449 186
bezier
449 186 452 183 456 180 457 179
bezier
390 180 392 179 394 179 396 179
bezier
408 182 410 182 413 182 416 182
bezier
378 202 380 202 381 202 382 202
bezier
401 204 404 204 405 204 406 204
bezier
401 209 397 209 391 209 389 212
bezier
389 212 391 216 398 221 405 228
bezier
405 228 410 233 419 233 427 230
bezier
427 230 431 230 433 228 434 223
bezier
391 212 393 212 396 212 398 212
bezier
403 232 402 229 401 227 392 223
bezier
392 223 380 220 378 223 380 228
bezier
380 228 387 232 395 241 399 244
bezier
399 244 404 244 408 242 412 239
bezier
412 239 414 237 415 235 416 234
bezier
416 234 416 234 416 234 416 234
bezier
380 223 382 223 383 223 384 223
bezier
419 30 415 46 409 77 404 102
#asa
bezier
406 93 402 106 397 125 386 144
bezier
256 156 269 150 275 147 287 142
bezier
412 57 394 71 368 95 339 116
display
save
pic.png